1,Q1,1669433162.501558,     19022881,0,1 #
2,Q2,1669433185.785826,     4020518,0,1
3,Q3,1669433195.231166,     5399137,0,1
4,Q4,1669433202.213930,     1610950,0,1
5,Q5,1669433206.806573,     2979155,0,1
6,Q6,1669433213.184688,     3418016,0,1
7,Q7,1669433219.932960,     3344926,0,1
8,Q8,1669433224.813333,     1523643,0,1
9,Q9,1669433233.917866,     7543722,0,1
10,Q10,1669433244.948366,   3961562,0,1
11,Q11,1669433249.967305,   1063665,0,1
12,Q12,1669433255.215902,   4223993,0,1
13,Q13,1669433280.420381,   21340967,0,1 #
14,Q14,1669433303.549496,   1731624,0,1
15,Q15,1669433313.810357,   8503262,0,1
16,Q16,1669433324.507194,   2207193,0,1
17,Q17,1669433340.237510,   12930761,0,1 #
18,Q18,1669433366.540310,   13012191,0,1 #
19,Q19,1669433379.957828,   404551,0,1
20,Q20,1669433385.490692,   4895223,0,1
21,Q21,1669433397.322697,   6842752,0,1
22,Q22,1669433404.815543,   640744,0,1